SERIALNO=2327
TCALDATE=24-Feb-26
TA0=  3.548403e-05
TA1=  2.729804e-04
TA2= -2.228925e-06
TA3=  1.473846e-07
CCALDATE=24-Feb-26
CG= -9.223698e-01
CH=  1.275173e-01
CI= -2.218877e-05
CJ=  2.434325e-05
CTCOR=  3.250000e-06
CPCOR= -9.570000e-08
WBOTC=  4.061019e-06
PCALDATE=No-Cal
PA0=  1.000000e+00
PA1=  0.000000e+00
PA2=  0.000000e+00
PTCA0=  0.000000e+00
PTCA1=  0.000000e+00
PTCA2=  0.000000e+00
PTCSB0=  0.000000e+00
PTCSB1=  0.000000e+00
PTCSB2=  0.000000e+00
RCALDATE=24-Feb-26
RTCA0=  1.000005e+00
RTCA1=  1.406564e-06
RTCA2= -2.742818e-08
