INSTRUMENT_TYPE=SEACATPLUS
SERIALNO=4607
TCALDATE=08-Mar-26
TA0=  1.135992e-03
TA1=  2.764363e-04
TA2= -1.184233e-06
TA3=  1.874824e-07
CCALDATE=08-Mar-26
CG= -1.023913e+00
CH=  1.325532e-01
CI= -2.917202e-04
CJ=  4.040698e-05
CTCOR=  3.250000e-06
CPCOR= -9.570000e-08
PCALDATE=19-Feb-26
C1=-6.275741e+03
C2=-9.087580e-02
C3= 1.258200e-03
D1= 7.138100e-02
D2= 0.000000e+00
T1= 3.043721e+01
T2=-3.719960e-04
T3= 2.854890e-06
T4= 1.738470e-09
T5= 0.000000e+00
AD590M= 0.00000e+00
AD590B= 0.00000e+00
