SERIALNO=4285
TCALDATE=31-Mar-26
TA0=  6.210360e-06
TA1=  2.678931e-04
TA2= -1.743056e-06
TA3=  1.380907e-07
CCALDATE=31-Mar-26
CG= -1.035350e+00
CH=  1.435414e-01
CI= -2.910004e-04
CJ=  4.565952e-05
CTCOR=  3.250000e-06
CPCOR= -9.570000e-08
WBOTC= -1.223294e-05
PCALDATE=11-Feb-26
PA0=  4.620029e-01
PA1=  6.861580e-02
PA2=  3.926740e-09
PTCA0= -1.298326e+02
PTCA1=  2.591056e-01
PTCA2=  1.849917e-03
PTCSB0=  2.491525e+01
PTCSB1= -1.500000e-04
PTCSB2=  0.000000e+00
RCALDATE=31-Mar-26
RTCA0=  9.999793e-01
RTCA1=  1.809923e-06
RTCA2= -3.220935e-08
