SERIALNO=1433
TCALDATE=11-Feb-26
TA0=  7.225324e-05
TA1=  2.677905e-04
TA2= -1.998394e-06
TA3=  1.394191e-07
PCALDATE=No-Cal
PA0=  1.000000e+00
PA1=  0.000000e+00
PA2=  0.000000e+00
PTCA0=  0.000000e+00
PTCA1=  0.000000e+00
PTCA2=  0.000000e+00
PTCB0=  0.000000e+00
PTCB1=  0.000000e+00
PTCB2=  0.000000e+00
PTHA0= 1.306924e-309
PTHA1= 1.186812e+151
PTHA2= 6.790387e-313
RCALDATE=No-Cal
RTCA0=  1.000000e+00
RTCA1=  0.000000e+00
RTCA2=  0.000000e+00
