SERIALNO=1804
TCALDATE=24-Feb-26
TA0=  1.799298e-05
TA1=  2.701622e-04
TA2= -2.049104e-06
TA3=  1.490291e-07
CCALDATE=24-Feb-26
CG= -9.740963e-01
CH=  1.376083e-01
CI= -2.604770e-06
CJ=  2.568894e-05
CTCOR=  3.250000e-06
CPCOR= -9.570000e-08
WBOTC=  2.758088e-06
PCALDATE=No-Cal
PA0=  1.000000e+00
PA1=  0.000000e+00
PA2=  0.000000e+00
PTCA0=  0.000000e+00
PTCA1=  0.000000e+00
PTCA2=  0.000000e+00
PTCSB0=  0.000000e+00
PTCSB1=  0.000000e+00
PTCSB2=  0.000000e+00
RCALDATE=24-Feb-26
RTCA0=  9.999729e-01
RTCA1=  2.016121e-06
RTCA2= -3.631890e-08
