SERIALNO=1624
TCALDATE=24-Feb-26
TA0= -1.273266e-06
TA1=  2.763222e-04
TA2= -2.296537e-06
TA3=  1.562586e-07
PCALDATE=19-Feb-26
PA0=  6.276053e-02
PA1=  2.384836e-02
PA2=  2.221389e-09
PTCA0= -4.412583e+01
PTCA1=  3.403010e-01
PTCA2= -1.023848e-02
PTCB0=  2.509938e+01
PTCB1=  2.763819e-04
PTCB2=  0.000000e+00
PTHA0= -8.210133e+01
PTHA1=  4.821853e-02
PTHA2= -4.167875e-07
RCALDATE=No-Cal
RTCA0=  1.000000e+00
RTCA1=  0.000000e+00
RTCA2=  0.000000e+00
