SERIALNO=1842
TCALDATE=24-Feb-26
TA0=  5.234216e-05
TA1=  2.688135e-04
TA2= -1.941837e-06
TA3=  1.457661e-07
CCALDATE=24-Feb-26
CG= -1.000586e+00
CH=  1.423307e-01
CI= -1.138053e-05
CJ=  2.741971e-05
CTCOR=  3.250000e-06
CPCOR= -9.570000e-08
WBOTC=  3.019013e-06
PCALDATE=19-Feb-26
PA0=  1.170814e-01
PA1=  2.414063e-02
PA2=  2.099687e-09
PTCA0=  1.884363e+01
PTCA1=  2.775756e-01
PTCA2= -2.342336e-03
PTCSB0=  2.497563e+01
PTCSB1= -7.500000e-05
PTCSB2=  0.000000e+00
RCALDATE=24-Feb-26
RTCA0=  9.999742e-01
RTCA1=  1.696465e-06
RTCA2= -3.252415e-08
