SERIALNO=1778
TCALDATE=11-Feb-26
TA0= -1.261409e-05
TA1=  2.741937e-04
TA2= -2.219506e-06
TA3=  1.516248e-07
PCALDATE=No-Cal
PA0=  1.000000e+00
PA1=  0.000000e+00
PA2=  0.000000e+00
PTCA0=  0.000000e+00
PTCA1=  0.000000e+00
PTCA2=  0.000000e+00
PTCB0=  0.000000e+00
PTCB1=  0.000000e+00
PTCB2=  0.000000e+00
PTHA0= 1.306924e-309
PTHA1= 1.186812e+151
PTHA2= -1.443780e+00
RCALDATE=No-Cal
RTCA0=  1.000000e+00
RTCA1=  0.000000e+00
RTCA2=  0.000000e+00
