SERIALNO=2026
TCALDATE=22-Feb-26
TA0=  5.751657e-05
TA1=  2.616794e-04
TA2= -1.521689e-06
TA3=  1.347798e-07
CCALDATE=22-Feb-26
CG= -9.252395e-01
CH=  1.435577e-01
CI=  1.514943e-04
CJ=  2.508556e-05
CTCOR=  3.250000e-06
CPCOR= -9.570000e-08
WBOTC= -3.780987e-06
PCALDATE=No-Cal
PA0=  1.000000e+00
PA1=  0.000000e+00
PA2=  0.000000e+00
PTCA0=  0.000000e+00
PTCA1=  0.000000e+00
PTCA2=  0.000000e+00
PTCSB0=  0.000000e+00
PTCSB1=  0.000000e+00
PTCSB2=  0.000000e+00
RCALDATE=22-Feb-26
RTCA0=  9.999781e-01
RTCA1=  1.739613e-06
RTCA2= -3.024667e-08
