SERIALNO=3770
TCALDATE=17-Mar-26
TA0= -2.048637e-04
TA1=  3.026033e-04
TA2= -4.029824e-06
TA3=  1.926488e-07
CCALDATE=17-Mar-26
CG= -1.003889e+00
CH=  1.565062e-01
CI= -8.745029e-05
CJ=  3.540124e-05
CTCOR=  3.250000e-06
CPCOR= -9.570000e-08
WBOTC= -1.029608e-05
PCALDATE=13-Feb-26
PA0=  7.148318e-01
PA1=  6.893100e-02
PA2=  1.620186e-09
PTCA0= -1.444468e+02
PTCA1=  4.285947e-01
PTCA2=  1.715093e-03
PTCSB0=  2.477262e+01
PTCSB1= -1.075000e-03
PTCSB2=  0.000000e+00
RCALDATE=17-Mar-26
RTCA0=  9.999920e-01
RTCA1=  1.622271e-06
RTCA2= -3.257735e-08
