SERIALNO=1777
TCALDATE=11-Feb-26
TA0=  7.597555e-05
TA1=  2.717482e-04
TA2= -2.238483e-06
TA3=  1.474992e-07
PCALDATE=No-Cal
PA0=  1.000000e+00
PA1=  0.000000e+00
PA2=  0.000000e+00
PTCA0=  0.000000e+00
PTCA1=  0.000000e+00
PTCA2=  0.000000e+00
PTCB0=  0.000000e+00
PTCB1=  0.000000e+00
PTCB2=  0.000000e+00
PTHA0= 1.306924e-309
PTHA1= 1.186812e+151
PTHA2= 1.581010e-322
RCALDATE=15-Jun-05
RTCA0=  1.000000e+00
RTCA1=  0.000000e+00
RTCA2=  0.000000e+00
