
commands used:

Set Passkey(1000)
Set FoilID(2335F)
Set FoilCoefA(3.493730E-03,1.468063E-04,2.477661E-06,1.971535E+02,-2.482858E-01,-4.270126E+01,3.835706E+00,2.060652E-07,6.517237E-07,-4.920964E-05,9.397440E-07,-1.259346E-04,4.247565E-03,-1.841960E-08)
Set FoilCoefB(-2.466254E+01,-6.766069E-06,1.733609E-03,-1.795859E-01,9.516006E+00,-2.646229E+02,3.211267E+03,0.000000E+00,0.000000E+00,0.000000E+00,0.000000E+00,0.000000E+00,0.000000E+00,0.000000E+00)
Set FoilPolyDegT(5,4,4,3,3,3,2,2,2,2,1,1,1,1,0,0,0,0,0,0,0,0,0,0,0,0,0,0)
Set FoilPolyDegO(0,1,2,0,1,2,0,1,2,3,0,1,2,3,0,1,2,3,4,0,1,2,3,4,5,0,0,0)
Save
